RESULTADOS DE LA DISPERSION CON HASHING

	DISPERSION 1 M=96, a=128

[0]	0
[1]	45
[2]	2
[3]	0
[4]	50
[5]	191
[6]	108
[7]	18
[8]	10
[9]	2
[10]	0
[11]	5
[12]	65
[13]	24
[14]	127
[15]	20
[16]	4
[17]	0
[18]	74
[19]	117
[20]	54
[21]	0
[22]	0
[23]	4
[24]	0
[25]	43
[26]	0
[27]	0
[28]	0
[29]	0
[30]	0
[31]	0
[32]	0
[33]	10
[34]	3
[35]	5
[36]	94
[37]	85
[38]	1
[39]	26
[40]	21
[41]	2
[42]	0
[43]	5
[44]	58
[45]	4
[46]	46
[47]	12
[48]	7
[49]	0
[50]	16
[51]	83
[52]	183
[53]	0
[54]	0
[55]	8
[56]	0
[57]	43
[58]	0
[59]	0
[60]	0
[61]	0
[62]	0
[63]	3
[64]	0
[65]	7
[66]	1
[67]	1
[68]	25
[69]	193
[70]	2
[71]	34
[72]	4
[73]	10
[74]	0
[75]	2
[76]	75
[77]	8
[78]	70
[79]	90
[80]	1
[81]	0
[82]	26
[83]	57
[84]	63
[85]	1
[86]	0
[87]	3
[88]	1
[89]	49
[90]	2
[91]	0
[92]	0
[93]	0
[94]	0
[95]	0



	DISPERSION 2 M=97, a=128

[0]	59
[1]	12
[2]	12
[3]	5
[4]	4
[5]	24
[6]	21
[7]	57
[8]	8
[9]	30
[10]	13
[11]	19
[12]	19
[13]	36
[14]	25
[15]	13
[16]	13
[17]	13
[18]	95
[19]	22
[20]	28
[21]	94
[22]	32
[23]	5
[24]	10
[25]	24
[26]	44
[27]	24
[28]	22
[29]	8
[30]	12
[31]	6
[32]	13
[33]	29
[34]	13
[35]	36
[36]	9
[37]	8
[38]	20
[39]	22
[40]	15
[41]	19
[42]	31
[43]	28
[44]	14
[45]	32
[46]	52
[47]	46
[48]	37
[49]	12
[50]	130
[51]	128
[52]	19
[53]	12
[54]	5
[55]	23
[56]	32
[57]	6
[58]	11
[59]	43
[60]	18
[61]	26
[62]	27
[63]	29
[64]	17
[65]	18
[66]	9
[67]	62
[68]	11
[69]	4
[70]	13
[71]	4
[72]	58
[73]	31
[74]	13
[75]	13
[76]	6
[77]	18
[78]	21
[79]	12
[80]	19
[81]	17
[82]	15
[83]	10
[84]	25
[85]	17
[86]	24
[87]	108
[88]	16
[89]	9
[90]	8
[91]	18
[92]	11
[93]	12
[94]	22
[95]	9
[96]	6



	DISPERSION 3 M=96, a=127

[0]	5
[1]	75
[2]	10
[3]	27
[4]	21
[5]	60
[6]	22
[7]	100
[8]	14
[9]	28
[10]	82
[11]	25
[12]	45
[13]	24
[14]	16
[15]	12
[16]	20
[17]	7
[18]	28
[19]	26
[20]	22
[21]	15
[22]	25
[23]	6
[24]	17
[25]	12
[26]	19
[27]	14
[28]	17
[29]	16
[30]	14
[31]	17
[32]	11
[33]	14
[34]	13
[35]	16
[36]	16
[37]	9
[38]	9
[39]	9
[40]	33
[41]	6
[42]	6
[43]	9
[44]	19
[45]	25
[46]	57
[47]	12
[48]	21
[49]	16
[50]	46
[51]	23
[52]	11
[53]	4
[54]	14
[55]	63
[56]	14
[57]	11
[58]	32
[59]	94
[60]	20
[61]	29
[62]	36
[63]	12
[64]	11
[65]	18
[66]	21
[67]	39
[68]	24
[69]	19
[70]	48
[71]	17
[72]	20
[73]	30
[74]	8
[75]	25
[76]	16
[77]	11
[78]	9
[79]	17
[80]	13
[81]	124
[82]	10
[83]	11
[84]	40
[85]	23
[86]	4
[87]	139
[88]	14
[89]	5
[90]	22
[91]	10
[92]	33
[93]	18
[94]	34
[95]	24
